Alumno1,4,1.1,6.7,6.6
Alumno2,4.3,1.2,3.4,3.1
Alumno3,3.8,5.1,3.8,5.6
Alumno4,2.3,5.5,4.5,5.5
Alumno5,6.6,5.9,6.9,3.3
Alumno6,2.1,2.1,4.3,6.2
Alumno7,2.7,5.9,2.8,2.9
Alumno8,4.5,4,3,6.3
Alumno9,4.2,1.6,6.3,1.8
Alumno10,5.9,6.4,1.4,1.1
Alumno11,2.3,6.2,5.5,1.8
Alumno12,3.8,2.6,6.8,6.2
Alumno13,3.8,2.9,2.7,2.9
Alumno14,3.7,1.5,3.3,6.5
Alumno15,5.8,3.5,1.8,3.6
Alumno16,6.2,3,4.1,1.8
Alumno17,3,3.2,2,1.1
Alumno18,4.7,2.3,2.4,5.8
Alumno19,3.4,2.7,4,6.7
Alumno20,3.4,6.2,4.5,6.9
Alumno21,4.4,2.5,4.6,1.9
Alumno22,1.1,1.1,2.9,4.4
Alumno23,1.2,6.6,2.7,3.7
Alumno24,2.3,1.9,6.1,3.8
Alumno25,6.3,3.5,6.1,7
Alumno26,2.8,3.8,6.3,1.8
Alumno27,6.6,6.1,1.4,3.9
Alumno28,4.9,2.7,5.2,6.6
Alumno29,2.7,4.3,6.2,4.2
Alumno30,6.2,6.6,1.5,6.7
Alumno31,2,4.4,6.7,2.6
Alumno32,5,1.6,5.9,6
Alumno33,2.7,1.4,6.6,1.9
Alumno34,7,6.5,1.3,4.1
Alumno35,6.4,2.5,5.5,5.2
Alumno36,2.8,3.2,6.5,1.6
Alumno37,1.5,4.8,4,6.1
Alumno38,4.5,5.3,3.3,1.3
Alumno39,3.5,3.8,2,5.7
Alumno40,2.2,5.2,1.8,1.1
